0 0 0
0 1 0
0 2 1.46125e-30
0 3 2.82329e-28
0 4 2.63018e-26
0 5 1.5737e-24
0 6 6.79619e-23
0 7 2.25723e-21
0 8 5.9991e-20
0 9 1.31075e-18
0 10 2.40049e-17
0 11 3.73859e-16
0 12 5.00687e-15
0 13 5.81631e-14
0 14 5.90134e-13
0 15 5.25881e-12
0 16 4.13446e-11
0 17 2.87844e-10
0 18 1.78014e-09
0 19 9.80533e-09
0 20 4.82182e-08
0 21 2.1216e-07
0 22 8.37107e-07
0 23 2.9689e-06
0 24 9.49007e-06
0 25 2.74263e-05
0 26 7.19293e-05
0 27 0.000171944
0 28 0.000376534
0 29 0.000759617
0 30 0.00142027
0 31 0.00247642
0 32 0.00405158
0 33 0.00625673
0 34 0.00917106
0 35 0.012826
0 36 0.017196
0 37 0.0221978
0 38 0.0276983
0 39 0.0335276
0 40 0.0394963
0 41 0.0454123
0 42 0.0510954
0 43 0.0563881
0 44 0.0611611
0 45 0.0653154
0 46 0.0687803
0 47 0.0715088
0 48 0.0734724
0 49 0.0746554
0 50 0.0750504
0 51 0.0746554
0 52 0.0734724
0 53 0.0715088
0 54 0.0687803
0 55 0.0653154
0 56 0.0611611
0 57 0.0563881
0 58 0.0510954
0 59 0.0454123
0 60 0.0394963
0 61 0.0335276
0 62 0.0276983
0 63 0.0221978
0 64 0.017196
0 65 0.012826
0 66 0.00917106
0 67 0.00625673
0 68 0.00405158
0 69 0.00247642
0 70 0.00142027
0 71 0.000759617
0 72 0.000376534
0 73 0.000171944
0 74 7.19293e-05
0 75 2.74263e-05
0 76 9.49007e-06
0 77 2.9689e-06
0 78 8.37107e-07
0 79 2.1216e-07
0 80 4.82182e-08
0 81 9.80533e-09
0 82 1.78014e-09
0 83 2.87844e-10
0 84 4.13446e-11
0 85 5.25881e-12
0 86 5.90134e-13
0 87 5.81631e-14
0 88 5.00687e-15
0 89 3.73859e-16
0 90 2.40049e-17
0 91 1.31075e-18
0 92 5.9991e-20
0 93 2.25723e-21
0 94 6.79619e-23
0 95 1.5737e-24
0 96 2.63018e-26
0 97 2.82329e-28
0 98 1.46125e-30
0 99 0

1 0 0
1 1 7.45535e-31
1 2 1.47046e-28
1 3 1.39909e-26
1 4 8.55379e-25
1 5 3.77657e-23
1 6 1.28301e-21
1 7 3.48976e-20
1 8 7.8077e-19
1 9 1.465e-17
1 10 2.33897e-16
1 11 3.21299e-15
1 12 3.83056e-14
1 13 3.99095e-13
1 14 3.65389e-12
1 15 2.95288e-11
1 16 2.11415e-10
1 17 1.34506e-09
1 18 7.62387e-09
1 19 3.85836e-08
1 20 1.74706e-07
1 21 7.09169e-07
1 22 2.58605e-06
1 23 8.49152e-06
1 24 2.51763e-05
1 25 6.76238e-05
1 26 0.000165212
1 27 0.000368861
1 28 0.000756667
1 29 0.00143462
1 30 0.00252972
1 31 0.00417491
1 32 0.00648844
1 33 0.00955209
1 34 0.0133936
1 35 0.0179775
1 36 0.0232056
1 37 0.0289278
1 38 0.0349584
1 39 0.0410962
1 40 0.0471439
1 41 0.0529238
1 42 0.0582885
1 43 0.0631264
1 44 0.0673616
1 45 0.0709501
1 46 0.073873
1 47 0.0761296
1 48 0.0777285
1 49 0.0786816
1 50 0.0789981
1 51 0.0786816
1 52 0.0777285
1 53 0.0761296
1 54 0.073873
1 55 0.0709501
1 56 0.0673616
1 57 0.0631264
1 58 0.0582885
1 59 0.0529238
1 60 0.0471439
1 61 0.0410962
1 62 0.0349584
1 63 0.0289278
1 64 0.0232056
1 65 0.0179775
1 66 0.0133936
1 67 0.00955209
1 68 0.00648844
1 69 0.00417491
1 70 0.00252972
1 71 0.00143462
1 72 0.000756667
1 73 0.000368861
1 74 0.000165212
1 75 6.76238e-05
1 76 2.51763e-05
1 77 8.49152e-06
1 78 2.58605e-06
1 79 7.09169e-07
1 80 1.74706e-07
1 81 3.85836e-08
1 82 7.62387e-09
1 83 1.34506e-09
1 84 2.11415e-10
1 85 2.95288e-11
1 86 3.65389e-12
1 87 3.99095e-13
1 88 3.83056e-14
1 89 3.21299e-15
1 90 2.33897e-16
1 91 1.465e-17
1 92 7.8077e-19
1 93 3.48976e-20
1 94 1.28301e-21
1 95 3.77657e-23
1 96 8.55379e-25
1 97 1.39909e-26
1 98 1.47046e-28
1 99 7.45535e-31

2 0 1.46125e-30
2 1 1.47046e-28
2 2 1.42817e-26
2 3 8.9163e-25
2 4 4.02143e-23
2 5 1.39615e-21
2 6 3.88225e-20
2 7 8.88298e-19
2 8 1.70522e-17
2 9 2.7863e-16
2 10 3.91848e-15
2 11 4.78418e-14
2 12 5.10592e-13
2 13 4.78956e-12
2 14 3.96629e-11
2 15 2.90997e-10
2 16 1.897e-09
2 17 1.10144e-08
2 18 5.70739e-08
2 19 2.64404e-07
2 20 1.09691e-06
2 21 4.08201e-06
2 22 1.36519e-05
2 23 4.11236e-05
2 24 0.000111883
2 25 0.000275871
2 26 0.000619072
2 27 0.00127073
2 28 0.00239957
2 29 0.00419468
2 30 0.00683252
2 31 0.0104376
2 32 0.0150484
2 33 0.0205976
2 34 0.0269138
2 35 0.0337419
2 36 0.0407781
2 37 0.0477101
2 38 0.0542542
2 39 0.0601837
2 40 0.0653447
2 41 0.0696606
2 42 0.0731257
2 43 0.0757921
2 44 0.0777533
2 45 0.0791266
2 46 0.080037
2 47 0.0806036
2 48 0.0809291
2 49 0.0810917
2 50 0.0811404
2 51 0.0810917
2 52 0.0809291
2 53 0.0806036
2 54 0.080037
2 55 0.0791266
2 56 0.0777533
2 57 0.0757921
2 58 0.0731257
2 59 0.0696606
2 60 0.0653447
2 61 0.0601837
2 62 0.0542542
2 63 0.0477101
2 64 0.0407781
2 65 0.0337419
2 66 0.0269138
2 67 0.0205976
2 68 0.0150484
2 69 0.0104376
2 70 0.00683252
2 71 0.00419468
2 72 0.00239957
2 73 0.00127073
2 74 0.000619072
2 75 0.000275871
2 76 0.000111883
2 77 4.11236e-05
2 78 1.36519e-05
2 79 4.08201e-06
2 80 1.09691e-06
2 81 2.64404e-07
2 82 5.70739e-08
2 83 1.10144e-08
2 84 1.897e-09
2 85 2.90997e-10
2 86 3.96629e-11
2 87 4.78956e-12
2 88 5.10592e-13
2 89 4.78418e-14
2 90 3.91848e-15
2 91 2.7863e-16
2 92 1.70522e-17
2 93 8.88298e-19
2 94 3.88225e-20
2 95 1.39615e-21
2 96 4.02143e-23
2 97 8.9163e-25
2 98 1.42817e-26
2 99 1.47046e-28

3 0 2.82329e-28
3 1 1.39909e-26
3 2 8.9163e-25
3 3 4.10694e-23
3 4 1.45678e-21
3 5 4.14056e-20
3 6 9.68811e-19
3 7 1.90265e-17
3 8 3.18198e-16
3 9 4.58212e-15
3 10 5.73087e-14
3 11 6.26793e-13
3 12 6.02756e-12
3 13 5.11877e-11
3 14 3.85223e-10
3 15 2.57634e-09
3 16 1.53468e-08
3 17 8.15758e-08
3 18 3.87529e-07
3 19 1.64757e-06
3 20 6.27711e-06
3 21 2.14622e-05
3 22 6.5968e-05
3 23 0.000182673
3 24 0.000456995
3 25 0.00103657
3 26 0.00214125
3 27 0.00404963
3 28 0.00705421
3 29 0.0113909
3 30 0.0171633
3 31 0.0242863
3 32 0.0324709
3 33 0.0412538
3 34 0.0500661
3 35 0.05832
3 36 0.0654938
3 37 0.071197
3 38 0.0752068
3 39 0.077474
3 40 0.0781046
3 41 0.0773251
3 42 0.0754407
3 43 0.0727943
3 44 0.069732
3 45 0.0665766
3 46 0.0636106
3 47 0.0610665
3 48 0.0591238
3 49 0.0579085
3 50 0.0574952
3 51 0.0579085
3 52 0.0591238
3 53 0.0610665
3 54 0.0636106
3 55 0.0665766
3 56 0.069732
3 57 0.0727943
3 58 0.0754407
3 59 0.0773251
3 60 0.0781046
3 61 0.077474
3 62 0.0752068
3 63 0.071197
3 64 0.0654938
3 65 0.05832
3 66 0.0500661
3 67 0.0412538
3 68 0.0324709
3 69 0.0242863
3 70 0.0171633
3 71 0.0113909
3 72 0.00705421
3 73 0.00404963
3 74 0.00214125
3 75 0.00103657
3 76 0.000456995
3 77 0.000182673
3 78 6.5968e-05
3 79 2.14622e-05
3 80 6.27711e-06
3 81 1.64757e-06
3 82 3.87529e-07
3 83 8.15758e-08
3 84 1.53468e-08
3 85 2.57634e-09
3 86 3.85223e-10
3 87 5.11877e-11
3 88 6.02756e-12
3 89 6.26793e-13
3 90 5.73087e-14
3 91 4.58212e-15
3 92 3.18198e-16
3 93 1.90265e-17
3 94 9.68811e-19
3 95 4.14056e-20
3 96 1.45678e-21
3 97 4.10694e-23
3 98 8.9163e-25
3 99 1.39909e-26

4 0 2.63018e-26
4 1 8.55379e-25
4 2 4.02143e-23
4 3 1.45678e-21
4 4 4.23039e-20
4 5 1.01174e-18
4 6 2.03183e-17
4 7 3.47627e-16
4 8 5.12337e-15
4 9 6.56091e-14
4 10 7.35016e-13
4 11 7.24276e-12
4 12 6.30464e-11
4 13 4.86471e-10
4 14 3.33638e-09
4 15 2.03822e-08
4 16 1.11102e-07
4 17 5.4109e-07
4 18 2.35711e-06
4 19 9.19365e-06
4 20 3.21392e-05
4 21 0.000100819
4 22 0.00028424
4 23 0.000721736
4 24 0.00165523
4 25 0.00344145
4 26 0.00651718
4 27 0.0113034
4 28 0.0180661
4 29 0.0267802
4 30 0.0370529
4 31 0.0481392
4 32 0.059051
4 33 0.0687262
4 34 0.0762096
4 35 0.0808001
4 36 0.0821363
4 37 0.0802113
4 38 0.0753291
4 39 0.0680225
4 40 0.0589564
4 41 0.0488359
4 42 0.0383329
4 43 0.0280361
4 44 0.0184253
4 45 0.00986628
4 46 0.00261926
4 47 -0.00314304
4 48 -0.00731468
4 49 -0.00983648
4 50 -0.0106799
4 51 -0.00983648
4 52 -0.00731468
4 53 -0.00314304
4 54 0.00261926
4 55 0.00986628
4 56 0.0184253
4 57 0.0280361
4 58 0.0383329
4 59 0.0488359
4 60 0.0589564
4 61 0.0680225
4 62 0.0753291
4 63 0.0802113
4 64 0.0821363
4 65 0.0808001
4 66 0.0762096
4 67 0.0687262
4 68 0.059051
4 69 0.0481392
4 70 0.0370529
4 71 0.0267802
4 72 0.0180661
4 73 0.0113034
4 74 0.00651718
4 75 0.00344145
4 76 0.00165523
4 77 0.000721736
4 78 0.00028424
4 79 0.000100819
4 80 3.21392e-05
4 81 9.19365e-06
4 82 2.35711e-06
4 83 5.4109e-07
4 84 1.11102e-07
4 85 2.03822e-08
4 86 3.33638e-09
4 87 4.86471e-10
4 88 6.30464e-11
4 89 7.24276e-12
4 90 7.35016e-13
4 91 6.56091e-14
4 92 5.12337e-15
4 93 3.47627e-16
4 94 2.03183e-17
4 95 1.01174e-18
4 96 4.23039e-20
4 97 1.45678e-21
4 98 4.02143e-23
4 99 8.55379e-25

5 0 1.5737e-24
5 1 3.77657e-23
5 2 1.39615e-21
5 3 4.14056e-20
5 4 1.01174e-18
5 5 2.0768e-17
5 6 3.63339e-16
5 7 5.47811e-15
5 8 7.17951e-14
5 9 8.23486e-13
5 10 8.31104e-12
5 11 7.41223e-11
5 12 5.86145e-10
5 13 4.12074e-09
5 14 2.58076e-08
5 15 1.44211e-07
5 16 7.19834e-07
5 17 3.21238e-06
5 18 1.28256e-05
5 19 4.58404e-05
5 20 0.000146769
5 21 0.000421346
5 22 0.00108604
5 23 0.00251842
5 24 0.00526877
5 25 0.00998244
5 26 0.0172096
5 27 0.0271463
5 28 0.0394115
5 29 0.052973
5 30 0.0662709
5 31 0.0775073
5 32 0.085009
5 33 0.08755
5 34 0.0845521
5 35 0.076131
5 36 0.0630026
5 37 0.046299
5 38 0.0273513
5 39 0.00748785
5 40 -0.0121185
5 41 -0.0305433
5 42 -0.0471451
5 43 -0.0615534
5 44 -0.0736263
5 45 -0.0833931
5 46 -0.0909928
5 47 -0.0966173
5 48 -0.100464
5 49 -0.102698
5 50 -0.103431
5 51 -0.102698
5 52 -0.100464
5 53 -0.0966173
5 54 -0.0909928
5 55 -0.0833931
5 56 -0.0736263
5 57 -0.0615534
5 58 -0.0471451
5 59 -0.0305433
5 60 -0.0121185
5 61 0.00748785
5 62 0.0273513
5 63 0.046299
5 64 0.0630026
5 65 0.076131
5 66 0.0845521
5 67 0.08755
5 68 0.085009
5 69 0.0775073
5 70 0.0662709
5 71 0.052973
5 72 0.0394115
5 73 0.0271463
5 74 0.0172096
5 75 0.00998244
5 76 0.00526877
5 77 0.00251842
5 78 0.00108604
5 79 0.000421346
5 80 0.000146769
5 81 4.58404e-05
5 82 1.28256e-05
5 83 3.21238e-06
5 84 7.19834e-07
5 85 1.44211e-07
5 86 2.58076e-08
5 87 4.12074e-09
5 88 5.86145e-10
5 89 7.41223e-11
5 90 8.31104e-12
5 91 8.23486e-13
5 92 7.17951e-14
5 93 5.47811e-15
5 94 3.63339e-16
5 95 2.0768e-17
5 96 1.01174e-18
5 97 4.14056e-20
5 98 1.39615e-21
5 99 3.77657e-23

6 0 6.79619e-23
6 1 1.28301e-21
6 2 3.88225e-20
6 3 9.68811e-19
6 4 2.03183e-17
6 5 3.63339e-16
6 6 5.60169e-15
6 7 7.51018e-14
6 8 8.8156e-13
6 9 9.10868e-12
6 10 8.31962e-11
6 11 6.73975e-10
6 12 4.85509e-09
6 13 3.11612e-08
6 14 1.78449e-07
6 15 9.12701e-07
6 16 4.17191e-06
6 17 1.70489e-05
6 18 6.23027e-05
6 19 0.000203628
6 20 0.000595398
6 21 0.00155831
6 22 0.00365453
6 23 0.00769294
6 24 0.0145737
6 25 0.024935
6 26 0.0386993
6 27 0.0547416
6 28 0.070893
6 29 0.0843346
6 30 0.0922516
6 31 0.0925112
6 32 0.0841416
6 33 0.067486
6 34 0.0440386
6 35 0.0160585
6 36 -0.0139009
6 37 -0.0434227
6 38 -0.0705396
6 39 -0.0938984
6 40 -0.11279
6 41 -0.127078
6 42 -0.137071
6 43 -0.143373
6 44 -0.146749
6 45 -0.148003
6 46 -0.147899
6 47 -0.147102
6 48 -0.146146
6 49 -0.145417
6 50 -0.145149
6 51 -0.145417
6 52 -0.146146
6 53 -0.147102
6 54 -0.147899
6 55 -0.148003
6 56 -0.146749
6 57 -0.143373
6 58 -0.137071
6 59 -0.127078
6 60 -0.11279
6 61 -0.0938984
6 62 -0.0705396
6 63 -0.0434227
6 64 -0.0139009
6 65 0.0160585
6 66 0.0440386
6 67 0.067486
6 68 0.0841416
6 69 0.0925112
6 70 0.0922516
6 71 0.0843346
6 72 0.070893
6 73 0.0547416
6 74 0.0386993
6 75 0.024935
6 76 0.0145737
6 77 0.00769294
6 78 0.00365453
6 79 0.00155831
6 80 0.000595398
6 81 0.000203628
6 82 6.23027e-05
6 83 1.70489e-05
6 84 4.17191e-06
6 85 9.12701e-07
6 86 1.78449e-07
6 87 3.11612e-08
6 88 4.85509e-09
6 89 6.73975e-10
6 90 8.31962e-11
6 91 9.10868e-12
6 92 8.8156e-13
6 93 7.51018e-14
6 94 5.60169e-15
6 95 3.63339e-16
6 96 2.03183e-17
6 97 9.68811e-19
6 98 3.88225e-20
6 99 1.28301e-21

7 0 2.25723e-21
7 1 3.48976e-20
7 2 8.88298e-19
7 3 1.90265e-17
7 4 3.47627e-16
7 5 5.47811e-15
7 6 7.51018e-14
7 7 9.01808e-13
7 8 9.53554e-12
7 9 8.91611e-11
7 10 7.39664e-10
7 11 5.4578e-09
7 12 3.58872e-08
7 13 2.10557e-07
7 14 1.10325e-06
7 15 5.16456e-06
7 16 2.1602e-05
7 17 8.07202e-05
7 18 0.000269372
7 19 0.000802492
7 20 0.00213364
7 21 0.00506279
7 22 0.0107262
7 23 0.0203127
7 24 0.0344477
7 25 0.0524434
7 26 0.071855
7 27 0.0887342
7 28 0.0985974
7 29 0.0977242
7 30 0.0842588
7 31 0.0587247
7 32 0.023833
7 33 -0.0162523
7 34 -0.0568856
7 35 -0.0938463
7 36 -0.123974
7 37 -0.145458
7 38 -0.157812
7 39 -0.161636
7 40 -0.158277
7 41 -0.149472
7 42 -0.137055
7 43 -0.12274
7 44 -0.107998
7 45 -0.0940025
7 46 -0.0816319
7 47 -0.0715054
7 48 -0.0640319
7 49 -0.0594607
7 50 -0.0579234
7 51 -0.0594607
7 52 -0.0640319
7 53 -0.0715054
7 54 -0.0816319
7 55 -0.0940025
7 56 -0.107998
7 57 -0.12274
7 58 -0.137055
7 59 -0.149472
7 60 -0.158277
7 61 -0.161636
7 62 -0.157812
7 63 -0.145458
7 64 -0.123974
7 65 -0.0938463
7 66 -0.0568856
7 67 -0.0162523
7 68 0.023833
7 69 0.0587247
7 70 0.0842588
7 71 0.0977242
7 72 0.0985974
7 73 0.0887342
7 74 0.071855
7 75 0.0524434
7 76 0.0344477
7 77 0.0203127
7 78 0.0107262
7 79 0.00506279
7 80 0.00213364
7 81 0.000802492
7 82 0.000269372
7 83 8.07202e-05
7 84 2.1602e-05
7 85 5.16456e-06
7 86 1.10325e-06
7 87 2.10557e-07
7 88 3.58872e-08
7 89 5.4578e-09
7 90 7.39664e-10
7 91 8.91611e-11
7 92 9.53554e-12
7 93 9.01808e-13
7 94 7.51018e-14
7 95 5.47811e-15
7 96 3.47627e-16
7 97 1.90265e-17
7 98 8.88298e-19
7 99 3.48976e-20

8 0 5.9991e-20
8 1 7.8077e-19
8 2 1.70522e-17
8 3 3.18198e-16
8 4 5.12337e-15
8 5 7.17951e-14
8 6 8.8156e-13
8 7 9.53554e-12
8 8 9.12423e-11
8 9 7.74853e-10
8 10 5.85449e-09
8 11 3.94263e-08
8 12 2.36941e-07
8 13 1.2716e-06
8 14 6.09574e-06
8 15 2.60969e-05
8 16 9.97275e-05
8 17 0.000339901
8 18 0.00103218
8 19 0.00278955
8 20 0.00670183
8 21 0.014299
8 22 0.027074
8 23 0.0454717
8 24 0.0677131
8 25 0.0892757
8 26 0.10372
8 27 0.104738
8 28 0.0884643
8 29 0.0549746
8 30 0.00840274
8 31 -0.0442422
8 32 -0.0949709
8 33 -0.136686
8 34 -0.164498
8 35 -0.176267
8 36 -0.17243
8 37 -0.155359
8 38 -0.128531
8 39 -0.0957473
8 40 -0.0605266
8 41 -0.0257402
8 42 0.00653869
8 43 0.0350219
8 44 0.0590865
8 45 0.0786084
8 46 0.093788
8 47 0.104993
8 48 0.112631
8 49 0.117056
8 50 0.118503
8 51 0.117056
8 52 0.112631
8 53 0.104993
8 54 0.093788
8 55 0.0786084
8 56 0.0590865
8 57 0.0350219
8 58 0.00653869
8 59 -0.0257402
8 60 -0.0605266
8 61 -0.0957473
8 62 -0.128531
8 63 -0.155359
8 64 -0.17243
8 65 -0.176267
8 66 -0.164498
8 67 -0.136686
8 68 -0.0949709
8 69 -0.0442422
8 70 0.00840274
8 71 0.0549746
8 72 0.0884643
8 73 0.104738
8 74 0.10372
8 75 0.0892757
8 76 0.0677131
8 77 0.0454717
8 78 0.027074
8 79 0.014299
8 80 0.00670183
8 81 0.00278955
8 82 0.00103218
8 83 0.000339901
8 84 9.97275e-05
8 85 2.60969e-05
8 86 6.09574e-06
8 87 1.2716e-06
8 88 2.36941e-07
8 89 3.94263e-08
8 90 5.85449e-09
8 91 7.74853e-10
8 92 9.12423e-11
8 93 9.53554e-12
8 94 8.8156e-13
8 95 7.17951e-14
8 96 5.12337e-15
8 97 3.18198e-16
8 98 1.70522e-17
8 99 7.8077e-19

9 0 1.31075e-18
9 1 1.465e-17
9 2 2.7863e-16
9 3 4.58212e-15
9 4 6.56091e-14
9 5 8.23486e-13
9 6 9.10868e-12
9 7 8.91611e-11
9 8 7.74853e-10
9 9 5.99297e-09
9 10 4.13237e-08
9 11 2.5432e-07
9 12 1.39777e-06
9 13 6.86108e-06
9 14 3.00661e-05
9 15 0.000117523
9 16 0.000409242
9 17 0.00126748
9 18 0.00348454
9 19 0.00848395
9 20 0.0182468
9 21 0.0345673
9 22 0.0574852
9 23 0.0835291
9 24 0.105208
9 25 0.112935
9 26 0.0989145
9 27 0.0608756
9 28 0.00359418
9 29 -0.062399
9 30 -0.124096
9 31 -0.169785
9 32 -0.191869
9 33 -0.188024
9 34 -0.160787
9 35 -0.116058
9 36 -0.0612508
9 37 -0.00363363
9 38 0.0508244
9 39 0.098012
9 40 0.135743
9 41 0.163486
9 42 0.181928
9 43 0.192523
9 44 0.197078
9 45 0.197456
9 46 0.195365
9 47 0.19225
9 48 0.189235
9 49 0.187114
9 50 0.186355
9 51 0.187114
9 52 0.189235
9 53 0.19225
9 54 0.195365
9 55 0.197456
9 56 0.197078
9 57 0.192523
9 58 0.181928
9 59 0.163486
9 60 0.135743
9 61 0.098012
9 62 0.0508244
9 63 -0.00363363
9 64 -0.0612508
9 65 -0.116058
9 66 -0.160787
9 67 -0.188024
9 68 -0.191869
9 69 -0.169785
9 70 -0.124096
9 71 -0.062399
9 72 0.00359418
9 73 0.0608756
9 74 0.0989145
9 75 0.112935
9 76 0.105208
9 77 0.0835291
9 78 0.0574852
9 79 0.0345673
9 80 0.0182468
9 81 0.00848395
9 82 0.00348454
9 83 0.00126748
9 84 0.000409242
9 85 0.000117523
9 86 3.00661e-05
9 87 6.86108e-06
9 88 1.39777e-06
9 89 2.5432e-07
9 90 4.13237e-08
9 91 5.99297e-09
9 92 7.74853e-10
9 93 8.91611e-11
9 94 9.10868e-12
9 95 8.23486e-13
9 96 6.56091e-14
9 97 4.58212e-15
9 98 2.7863e-16
9 99 1.465e-17

10 0 2.40049e-17
10 1 2.33897e-16
10 2 3.91848e-15
10 3 5.73087e-14
10 4 7.35016e-13
10 5 8.31104e-12
10 6 8.31962e-11
10 7 7.39664e-10
10 8 5.85449e-09
10 9 4.13237e-08
10 10 2.6039e-07
10 11 1.46543e-06
10 12 7.36529e-06
10 13 3.30392e-05
10 14 0.000132127
10 15 0.000470275
10 16 0.00148644
10 17 0.00416072
10 18 0.0102783
10 19 0.0223138
10 20 0.042349
10 21 0.069774
10 22 0.0987681
10 23 0.11794
10 24 0.114085
10 25 0.0789543
10 26 0.0147848
10 27 -0.0651806
10 28 -0.141275
10 29 -0.194326
10 30 -0.211739
10 31 -0.190488
10 32 -0.136515
10 33 -0.0617243
10 34 0.0199149
10 35 0.0957988
10 36 0.156814
10 37 0.198108
10 38 0.218757
10 39 0.220766
10 40 0.207913
10 41 0.184657
10 42 0.155353
10 43 0.123752
10 44 0.0927841
10 45 0.0645519
10 46 0.0404237
10 47 0.021211
10 48 0.00732826
10 49 -0.00103897
10 50 -0.00383351
10 51 -0.00103897
10 52 0.00732826
10 53 0.021211
10 54 0.0404237
10 55 0.0645519
10 56 0.0927841
10 57 0.123752
10 58 0.155353
10 59 0.184657
10 60 0.207913
10 61 0.220766
10 62 0.218757
10 63 0.198108
10 64 0.156814
10 65 0.0957988
10 66 0.0199149
10 67 -0.0617243
10 68 -0.136515
10 69 -0.190488
10 70 -0.211739
10 71 -0.194326
10 72 -0.141275
10 73 -0.0651806
10 74 0.0147848
10 75 0.0789543
10 76 0.114085
10 77 0.11794
10 78 0.0987681
10 79 0.069774
10 80 0.042349
10 81 0.0223138
10 82 0.0102783
10 83 0.00416072
10 84 0.00148644
10 85 0.000470275
10 86 0.000132127
10 87 3.30392e-05
10 88 7.36529e-06
10 89 1.46543e-06
10 90 2.6039e-07
10 91 4.13237e-08
10 92 5.85449e-09
10 93 7.39664e-10
10 94 8.31962e-11
10 95 8.31104e-12
10 96 7.35016e-13
10 97 5.73087e-14
10 98 3.91848e-15
10 99 2.33897e-16

11 0 3.73859e-16
11 1 3.21299e-15
11 2 4.78418e-14
11 3 6.26793e-13
11 4 7.24276e-12
11 5 7.41223e-11
11 6 6.73975e-10
11 7 5.4578e-09
11 8 3.94263e-08
11 9 2.5432e-07
11 10 1.46543e-06
11 11 7.5414e-06
11 12 3.46333e-05
11 13 0.000141739
11 14 0.000515883
11 15 0.00166531
11 16 0.00475095
11 17 0.0119243
11 18 0.0261759
11 19 0.0498655
11 20 0.081527
11 21 0.112387
11 22 0.126293
11 23 0.10622
11 24 0.0452306
11 25 -0.0459441
11 26 -0.14131
11 27 -0.210532
11 28 -0.231216
11 29 -0.196617
11 30 -0.116419
11 31 -0.0114183
11 32 0.094272
11 33 0.180046
11 34 0.233021
11 35 0.249005
11 36 0.231063
11 37 0.186961
11 38 0.126349
11 39 0.0585783
11 40 -0.00869147
11 41 -0.0701127
11 42 -0.122601
11 43 -0.165017
11 44 -0.197588
11 45 -0.221429
11 46 -0.238046
11 47 -0.249025
11 48 -0.255767
11 49 -0.25936
11 50 -0.26048
11 51 -0.25936
11 52 -0.255767
11 53 -0.249025
11 54 -0.238046
11 55 -0.221429
11 56 -0.197588
11 57 -0.165017
11 58 -0.122601
11 59 -0.0701127
11 60 -0.00869147
11 61 0.0585783
11 62 0.126349
11 63 0.186961
11 64 0.231063
11 65 0.249005
11 66 0.233021
11 67 0.180046
11 68 0.094272
11 69 -0.0114183
11 70 -0.116419
11 71 -0.196617
11 72 -0.231216
11 73 -0.210532
11 74 -0.14131
11 75 -0.0459441
11 76 0.0452306
11 77 0.10622
11 78 0.126293
11 79 0.112387
11 80 0.081527
11 81 0.0498655
11 82 0.0261759
11 83 0.0119243
11 84 0.00475095
11 85 0.00166531
11 86 0.000515883
11 87 0.000141739
11 88 3.46333e-05
11 89 7.5414e-06
11 90 1.46543e-06
11 91 2.5432e-07
11 92 3.94263e-08
11 93 5.4578e-09
11 94 6.73975e-10
11 95 7.41223e-11
11 96 7.24276e-12
11 97 6.26793e-13
11 98 4.78418e-14
11 99 3.21299e-15

12 0 5.00687e-15
12 1 3.83056e-14
12 2 5.10592e-13
12 3 6.02756e-12
12 4 6.30464e-11
12 5 5.86145e-10
12 6 4.85509e-09
12 7 3.58872e-08
12 8 2.36941e-07
12 9 1.39777e-06
12 10 7.36529e-06
12 11 3.46333e-05
12 12 0.000145094
12 13 0.000540303
12 14 0.00178267
12 15 0.00518935
12 16 0.0132541
12 17 0.0294812
12 18 0.0565192
12 19 0.091949
12 20 0.123626
12 21 0.129977
12 22 0.090179
12 23 0.000849055
12 24 -0.114162
12 25 -0.21205
12 26 -0.252671
12 27 -0.217629
12 28 -0.116607
12 29 0.0188672
12 30 0.149399
12 31 0.241984
12 32 0.278325
12 33 0.256581
12 34 0.188002
12 35 0.0907077
12 36 -0.016022
12 37 -0.116033
12 38 -0.198488
12 39 -0.258013
12 40 -0.293982
12 41 -0.30895
12 42 -0.307304
12 43 -0.294033
12 44 -0.273898
12 45 -0.251025
12 46 -0.228633
12 47 -0.209151
12 48 -0.194201
12 49 -0.184865
12 50 -0.181681
12 51 -0.184865
12 52 -0.194201
12 53 -0.209151
12 54 -0.228633
12 55 -0.251025
12 56 -0.273898
12 57 -0.294033
12 58 -0.307304
12 59 -0.30895
12 60 -0.293982
12 61 -0.258013
12 62 -0.198488
12 63 -0.116033
12 64 -0.016022
12 65 0.0907077
12 66 0.188002
12 67 0.256581
12 68 0.278325
12 69 0.241984
12 70 0.149399
12 71 0.0188672
12 72 -0.116607
12 73 -0.217629
12 74 -0.252671
12 75 -0.21205
12 76 -0.114162
12 77 0.000849055
12 78 0.090179
12 79 0.129977
12 80 0.123626
12 81 0.091949
12 82 0.0565192
12 83 0.0294812
12 84 0.0132541
12 85 0.00518935
12 86 0.00178267
12 87 0.000540303
12 88 0.000145094
12 89 3.46333e-05
12 90 7.36529e-06
12 91 1.39777e-06
12 92 2.36941e-07
12 93 3.58872e-08
12 94 4.85509e-09
12 95 5.86145e-10
12 96 6.30464e-11
12 97 6.02756e-12
12 98 5.10592e-13
12 99 3.83056e-14

13 0 5.81631e-14
13 1 3.99095e-13
13 2 4.78956e-12
13 3 5.11877e-11
13 4 4.86471e-10
13 5 4.12074e-09
13 6 3.11612e-08
13 7 2.10557e-07
13 8 1.2716e-06
13 9 6.86108e-06
13 10 3.30392e-05
13 11 0.000141739
13 12 0.000540303
13 13 0.00182357
13 14 0.00542321
13 15 0.01412
13 16 0.0319006
13 17 0.0617448
13 18 0.100356
13 19 0.132126
13 20 0.129696
13 21 0.0685589
13 22 -0.0489517
13 23 -0.181371
13 24 -0.265929
13 25 -0.256478
13 26 -0.150144
13 27 0.0142685
13 28 0.177278
13 29 0.284727
13 30 0.307503
13 31 0.246433
13 32 0.125088
13 33 -0.0218518
13 34 -0.160929
13 35 -0.267856
13 36 -0.330092
13 37 -0.3464
13 38 -0.323253
13 39 -0.271311
13 40 -0.202254
13 41 -0.12636
13 42 -0.051746
13 43 0.0163288
13 44 0.0747966
13 45 0.122587
13 46 0.159756
13 47 0.187115
13 48 0.205677
13 49 0.216383
13 50 0.219879
13 51 0.216383
13 52 0.205677
13 53 0.187115
13 54 0.159756
13 55 0.122587
13 56 0.0747966
13 57 0.0163288
13 58 -0.051746
13 59 -0.12636
13 60 -0.202254
13 61 -0.271311
13 62 -0.323253
13 63 -0.3464
13 64 -0.330092
13 65 -0.267856
13 66 -0.160929
13 67 -0.0218518
13 68 0.125088
13 69 0.246433
13 70 0.307503
13 71 0.284727
13 72 0.177278
13 73 0.0142685
13 74 -0.150144
13 75 -0.256478
13 76 -0.265929
13 77 -0.181371
13 78 -0.0489517
13 79 0.0685589
13 80 0.129696
13 81 0.132126
13 82 0.100356
13 83 0.0617448
13 84 0.0319006
13 85 0.01412
13 86 0.00542321
13 87 0.00182357
13 88 0.000540303
13 89 0.000141739
13 90 3.30392e-05
13 91 6.86108e-06
13 92 1.2716e-06
13 93 2.10557e-07
13 94 3.11612e-08
13 95 4.12074e-09
13 96 4.86471e-10
13 97 5.11877e-11
13 98 4.78956e-12
13 99 3.99095e-13

14 0 5.90134e-13
14 1 3.65389e-12
14 2 3.96629e-11
14 3 3.85223e-10
14 4 3.33638e-09
14 5 2.58076e-08
14 6 1.78449e-07
14 7 1.10325e-06
14 8 6.09574e-06
14 9 3.00661e-05
14 10 0.000132127
14 11 0.000515883
14 12 0.00178267
14 13 0.00542321
14 14 0.0144206
14 15 0.0331797
14 16 0.065081
14 17 0.106235
14 18 0.137898
14 19 0.126967
14 20 0.0452271
14 21 -0.0979525
14 22 -0.240085
14 23 -0.29649
14 24 -0.221046
14 25 -0.0406885
14 26 0.16473
14 27 0.309093
14 28 0.338255
14 29 0.248312
14 30 0.0785551
14 31 -0.113245
14 32 -0.27315
14 33 -0.365927
14 34 -0.380882
14 35 -0.326559
14 36 -0.223604
14 37 -0.0965694
14 38 0.0330384
14 39 0.148984
14 40 0.242334
14 41 0.309804
14 42 0.352633
14 43 0.374835
14 44 0.381361
14 45 0.377671
14 46 0.368251
14 47 0.357218
14 48 0.347251
14 49 0.340596
14 50 0.338173
14 51 0.340596
14 52 0.347251
14 53 0.357218
14 54 0.368251
14 55 0.377671
14 56 0.381361
14 57 0.374835
14 58 0.352633
14 59 0.309804
14 60 0.242334
14 61 0.148984
14 62 0.0330384
14 63 -0.0965694
14 64 -0.223604
14 65 -0.326559
14 66 -0.380882
14 67 -0.365927
14 68 -0.27315
14 69 -0.113245
14 70 0.0785551
14 71 0.248312
14 72 0.338255
14 73 0.309093
14 74 0.16473
14 75 -0.0406885
14 76 -0.221046
14 77 -0.29649
14 78 -0.240085
14 79 -0.0979525
14 80 0.0452271
14 81 0.126967
14 82 0.137898
14 83 0.106235
14 84 0.065081
14 85 0.0331797
14 86 0.0144206
14 87 0.00542321
14 88 0.00178267
14 89 0.000515883
14 90 0.000132127
14 91 3.00661e-05
14 92 6.09574e-06
14 93 1.10325e-06
14 94 1.78449e-07
14 95 2.58076e-08
14 96 3.33638e-09
14 97 3.85223e-10
14 98 3.96629e-11
14 99 3.65389e-12

15 0 5.25881e-12
15 1 2.95288e-11
15 2 2.90997e-10
15 3 2.57634e-09
15 4 2.03822e-08
15 5 1.44211e-07
15 6 9.12701e-07
15 7 5.16456e-06
15 8 2.60969e-05
15 9 0.000117523
15 10 0.000470275
15 11 0.00166531
15 12 0.00518935
15 13 0.01412
15 14 0.0331797
15 15 0.0662278
15 16 0.109253
15 17 0.141181
15 18 0.12368
15 19 0.0245087
15 20 -0.140207
15 21 -0.285622
15 22 -0.304214
15 23 -0.155985
15 24 0.0882579
15 25 0.299039
15 26 0.374528
15 27 0.285873
15 28 0.0778173
15 29 -0.160473
15 30 -0.343299
15 31 -0.419956
15 32 -0.380277
15 33 -0.24999
15 34 -0.0723502
15 35 0.109611
15 36 0.26131
15 37 0.364302
15 38 0.413409
15 39 0.413657
15 40 0.376696
15 41 0.314837
15 42 0.240894
15 43 0.16407
15 44 0.0918112
15 45 0.0281933
15 46 -0.0243169
15 47 -0.0648822
15 48 -0.0935249
15 49 -0.110425
15 50 -0.116082
15 51 -0.110425
15 52 -0.0935249
15 53 -0.0648822
15 54 -0.0243169
15 55 0.0281933
15 56 0.0918112
15 57 0.16407
15 58 0.240894
15 59 0.314837
15 60 0.376696
15 61 0.413657
15 62 0.413409
15 63 0.364302
15 64 0.26131
15 65 0.109611
15 66 -0.0723502
15 67 -0.24999
15 68 -0.380277
15 69 -0.419956
15 70 -0.343299
15 71 -0.160473
15 72 0.0778173
15 73 0.285873
15 74 0.374528
15 75 0.299039
15 76 0.0882579
15 77 -0.155985
15 78 -0.304214
15 79 -0.285622
15 80 -0.140207
15 81 0.0245087
15 82 0.12368
15 83 0.141181
15 84 0.109253
15 85 0.0662278
15 86 0.0331797
15 87 0.01412
15 88 0.00518935
15 89 0.00166531
15 90 0.000470275
15 91 0.000117523
15 92 2.60969e-05
15 93 5.16456e-06
15 94 9.12701e-07
15 95 1.44211e-07
15 96 2.03822e-08
15 97 2.57634e-09
15 98 2.90997e-10
15 99 2.95288e-11

16 0 4.13446e-11
16 1 2.11415e-10
16 2 1.897e-09
16 3 1.53468e-08
16 4 1.11102e-07
16 5 7.19834e-07
16 6 4.17191e-06
16 7 2.1602e-05
16 8 9.97275e-05
16 9 0.000409242
16 10 0.00148644
16 11 0.00475095
16 12 0.0132541
16 13 0.0319006
16 14 0.065081
16 15 0.109253
16 16 0.142239
16 17 0.121536
16 18 0.0102872
16 19 -0.170971
16 20 -0.316592
16 21 -0.295892
16 22 -0.0780389
16 23 0.21227
16 24 0.391486
16 25 0.36009
16 26 0.14553
16 27 -0.142423
16 28 -0.37184
16 29 -0.453549
16 30 -0.37554
16 31 -0.181362
16 32 0.0573391
16 33 0.26804
16 34 0.405745
16 35 0.451982
16 36 0.413123
16 37 0.312927
16 38 0.17699
16 39 0.03217
16 40 -0.103536
16 41 -0.218312
16 42 -0.306971
16 43 -0.370581
16 44 -0.411255
16 45 -0.435226
16 46 -0.44616
16 47 -0.450208
16 48 -0.449752
16 49 -0.448913
16 50 -0.44802
16 51 -0.448913
16 52 -0.449752
16 53 -0.450208
16 54 -0.44616
16 55 -0.435226
16 56 -0.411255
16 57 -0.370581
16 58 -0.306971
16 59 -0.218312
16 60 -0.103536
16 61 0.03217
16 62 0.17699
16 63 0.312927
16 64 0.413123
16 65 0.451982
16 66 0.405745
16 67 0.26804
16 68 0.0573391
16 69 -0.181362
16 70 -0.37554
16 71 -0.453549
16 72 -0.37184
16 73 -0.142423
16 74 0.14553
16 75 0.36009
16 76 0.391486
16 77 0.21227
16 78 -0.0780389
16 79 -0.295892
16 80 -0.316592
16 81 -0.170971
16 82 0.0102872
16 83 0.121536
16 84 0.142239
16 85 0.109253
16 86 0.065081
16 87 0.0319006
16 88 0.0132541
16 89 0.00475095
16 90 0.00148644
16 91 0.000409242
16 92 9.97275e-05
16 93 2.1602e-05
16 94 4.17191e-06
16 95 7.19834e-07
16 96 1.11102e-07
16 97 1.53468e-08
16 98 1.897e-09
16 99 2.11415e-10

17 0 2.87844e-10
17 1 1.34506e-09
17 2 1.10144e-08
17 3 8.15758e-08
17 4 5.4109e-07
17 5 3.21238e-06
17 6 1.70489e-05
17 7 8.07202e-05
17 8 0.000339901
17 9 0.00126748
17 10 0.00416072
17 11 0.0119243
17 12 0.0294812
17 13 0.0617448
17 14 0.106235
17 15 0.141181
17 16 0.121536
17 17 0.00523097
17 18 -0.187109
17 19 -0.334004
17 20 -0.281785
17 21 -0.00593914
17 22 0.31284
17 23 0.435269
17 24 0.281561
17 25 -0.0354618
17 26 -0.337366
17 27 -0.478935
17 28 -0.403013
17 29 -0.166463
17 30 0.119419
17 31 0.35467
17 32 0.468592
17 33 0.446823
17 34 0.318527
17 35 0.126334
17 36 -0.0763939
17 37 -0.253275
17 38 -0.38207
17 39 -0.453424
17 40 -0.474943
17 41 -0.453696
17 42 -0.40625
17 43 -0.342449
17 44 -0.274507
17 45 -0.209166
17 46 -0.151668
17 47 -0.10559
17 48 -0.0715111
17 49 -0.0515215
17 50 -0.0442711
17 51 -0.0515215
17 52 -0.0715111
17 53 -0.10559
17 54 -0.151668
17 55 -0.209166
17 56 -0.274507
17 57 -0.342449
17 58 -0.40625
17 59 -0.453696
17 60 -0.474943
17 61 -0.453424
17 62 -0.38207
17 63 -0.253275
17 64 -0.0763939
17 65 0.126334
17 66 0.318527
17 67 0.446823
17 68 0.468592
17 69 0.35467
17 70 0.119419
17 71 -0.166463
17 72 -0.403013
17 73 -0.478935
17 74 -0.337366
17 75 -0.0354618
17 76 0.281561
17 77 0.435269
17 78 0.31284
17 79 -0.00593914
17 80 -0.281785
17 81 -0.334004
17 82 -0.187109
17 83 0.00523097
17 84 0.121536
17 85 0.141181
17 86 0.106235
17 87 0.0617448
17 88 0.0294812
17 89 0.0119243
17 90 0.00416072
17 91 0.00126748
17 92 0.000339901
17 93 8.07202e-05
17 94 1.70489e-05
17 95 3.21238e-06
17 96 5.4109e-07
17 97 8.15758e-08
17 98 1.10144e-08
17 99 1.34506e-09

18 0 1.78014e-09
18 1 7.62387e-09
18 2 5.70739e-08
18 3 3.87529e-07
18 4 2.35711e-06
18 5 1.28256e-05
18 6 6.23027e-05
18 7 0.000269372
18 8 0.00103218
18 9 0.00348454
18 10 0.0102783
18 11 0.0261759
18 12 0.0565192
18 13 0.100356
18 14 0.137898
18 15 0.12368
18 16 0.0102872
18 17 -0.187109
18 18 -0.339549
18 19 -0.271755
18 20 0.0442793
18 21 0.38075
18 22 0.441956
18 23 0.174041
18 24 -0.20598
18 25 -0.456893
18 26 -0.464245
18 27 -0.236613
18 28 0.0968668
18 29 0.367416
18 30 0.484331
18 31 0.425096
18 32 0.226285
18 33 -0.0232629
18 34 -0.255263
18 35 -0.416844
18 36 -0.481669
18 37 -0.463019
18 38 -0.37342
18 39 -0.246451
18 40 -0.104435
18 41 0.0335631
18 42 0.151926
18 43 0.250491
18 44 0.321799
18 45 0.375518
18 46 0.408342
18 47 0.431513
18 48 0.44238
18 49 0.450005
18 50 0.450476
18 51 0.450005
18 52 0.44238
18 53 0.431513
18 54 0.408342
18 55 0.375518
18 56 0.321799
18 57 0.250491
18 58 0.151926
18 59 0.0335631
18 60 -0.104435
18 61 -0.246451
18 62 -0.37342
18 63 -0.463019
18 64 -0.481669
18 65 -0.416844
18 66 -0.255263
18 67 -0.0232629
18 68 0.226285
18 69 0.425096
18 70 0.484331
18 71 0.367416
18 72 0.0968668
18 73 -0.236613
18 74 -0.464245
18 75 -0.456893
18 76 -0.20598
18 77 0.174041
18 78 0.441956
18 79 0.38075
18 80 0.0442793
18 81 -0.271755
18 82 -0.339549
18 83 -0.187109
18 84 0.0102872
18 85 0.12368
18 86 0.137898
18 87 0.100356
18 88 0.0565192
18 89 0.0261759
18 90 0.0102783
18 91 0.00348454
18 92 0.00103218
18 93 0.000269372
18 94 6.23027e-05
18 95 1.28256e-05
18 96 2.35711e-06
18 97 3.87529e-07
18 98 5.70739e-08
18 99 7.62387e-09

19 0 9.80533e-09
19 1 3.85836e-08
19 2 2.64404e-07
19 3 1.64757e-06
19 4 9.19365e-06
19 5 4.58404e-05
19 6 0.000203628
19 7 0.000802492
19 8 0.00278955
19 9 0.00848395
19 10 0.0223138
19 11 0.0498655
19 12 0.091949
19 13 0.132126
19 14 0.126967
19 15 0.0245087
19 16 -0.170971
19 17 -0.334004
19 18 -0.271755
19 19 0.0622057
19 20 0.41422
19 21 0.432877
19 22 0.0766007
19 23 -0.332656
19 24 -0.494973
19 25 -0.366042
19 26 -0.0436593
19 27 0.301743
19 28 0.475575
19 29 0.423958
19 30 0.211706
19 31 -0.0799327
19 32 -0.32849
19 33 -0.459621
19 34 -0.468635
19 35 -0.356665
19 36 -0.181937
19 37 0.0131849
19 38 0.195445
19 39 0.329078
19 40 0.421102
19 41 0.457807
19 42 0.461463
19 43 0.434115
19 44 0.3923
19 45 0.344708
19 46 0.296293
19 47 0.257482
19 48 0.224372
19 49 0.20756
19 50 0.198564
19 51 0.20756
19 52 0.224372
19 53 0.257482
19 54 0.296293
19 55 0.344708
19 56 0.3923
19 57 0.434115
19 58 0.461463
19 59 0.457807
19 60 0.421102
19 61 0.329078
19 62 0.195445
19 63 0.0131849
19 64 -0.181937
19 65 -0.356665
19 66 -0.468635
19 67 -0.459621
19 68 -0.32849
19 69 -0.0799327
19 70 0.211706
19 71 0.423958
19 72 0.475575
19 73 0.301743
19 74 -0.0436593
19 75 -0.366042
19 76 -0.494973
19 77 -0.332656
19 78 0.0766007
19 79 0.432877
19 80 0.41422
19 81 0.0622057
19 82 -0.271755
19 83 -0.334004
19 84 -0.170971
19 85 0.0245087
19 86 0.126967
19 87 0.132126
19 88 0.091949
19 89 0.0498655
19 90 0.0223138
19 91 0.00848395
19 92 0.00278955
19 93 0.000802492
19 94 0.000203628
19 95 4.58404e-05
19 96 9.19365e-06
19 97 1.64757e-06
19 98 2.64404e-07
19 99 3.85836e-08

20 0 4.82182e-08
20 1 1.74706e-07
20 2 1.09691e-06
20 3 6.27711e-06
20 4 3.21392e-05
20 5 0.000146769
20 6 0.000595398
20 7 0.00213364
20 8 0.00670183
20 9 0.0182468
20 10 0.042349
20 11 0.081527
20 12 0.123626
20 13 0.129696
20 14 0.0452271
20 15 -0.140207
20 16 -0.316592
20 17 -0.281785
20 18 0.0442793
20 19 0.41422
20 20 0.427306
20 21 0.019846
20 22 -0.405597
20 23 -0.482211
20 24 -0.245786
20 25 0.102736
20 26 0.39831
20 27 0.463225
20 28 0.269078
20 29 -0.0221049
20 30 -0.296699
20 31 -0.456277
20 32 -0.427623
20 33 -0.278822
20 34 -0.0557856
20 35 0.175667
20 36 0.337284
20 37 0.436891
20 38 0.442637
20 39 0.389492
20 40 0.294626
20 41 0.172584
20 42 0.0601203
20 43 -0.0558011
20 44 -0.140137
20 45 -0.219724
20 46 -0.267662
20 47 -0.31167
20 48 -0.331402
20 49 -0.350065
20 50 -0.34996
20 51 -0.350065
20 52 -0.331402
20 53 -0.31167
20 54 -0.267662
20 55 -0.219724
20 56 -0.140137
20 57 -0.0558011
20 58 0.0601203
20 59 0.172584
20 60 0.294626
20 61 0.389492
20 62 0.442637
20 63 0.436891
20 64 0.337284
20 65 0.175667
20 66 -0.0557856
20 67 -0.278822
20 68 -0.427623
20 69 -0.456277
20 70 -0.296699
20 71 -0.0221049
20 72 0.269078
20 73 0.463225
20 74 0.39831
20 75 0.102736
20 76 -0.245786
20 77 -0.482211
20 78 -0.405597
20 79 0.019846
20 80 0.427306
20 81 0.41422
20 82 0.0442793
20 83 -0.281785
20 84 -0.316592
20 85 -0.140207
20 86 0.0452271
20 87 0.129696
20 88 0.123626
20 89 0.081527
20 90 0.042349
20 91 0.0182468
20 92 0.00670183
20 93 0.00213364
20 94 0.000595398
20 95 0.000146769
20 96 3.21392e-05
20 97 6.27711e-06
20 98 1.09691e-06
20 99 1.74706e-07

21 0 2.1216e-07
21 1 7.09169e-07
21 2 4.08201e-06
21 3 2.14622e-05
21 4 0.000100819
21 5 0.000421346
21 6 0.00155831
21 7 0.00506279
21 8 0.014299
21 9 0.0345673
21 10 0.069774
21 11 0.112387
21 12 0.129977
21 13 0.0685589
21 14 -0.0979525
21 15 -0.285622
21 16 -0.295892
21 17 -0.00593914
21 18 0.38075
21 19 0.432877
21 20 0.019846
21 21 -0.428748
21 22 -0.461317
21 23 -0.155088
21 24 0.179965
21 25 0.406874
21 26 0.406952
21 27 0.133179
21 28 -0.186238
21 29 -0.384296
21 30 -0.439552
21 31 -0.286654
21 32 -0.0327318
21 33 0.196563
21 34 0.383531
21 35 0.429475
21 36 0.377829
21 37 0.256308
21 38 0.076947
21 39 -0.0745905
21 40 -0.229621
21 41 -0.323878
21 42 -0.394982
21 43 -0.424132
21 44 -0.427313
21 45 -0.420441
21 46 -0.393303
21 47 -0.379914
21 48 -0.351559
21 49 -0.349183
21 50 -0.334436
21 51 -0.349183
21 52 -0.351559
21 53 -0.379914
21 54 -0.393303
21 55 -0.420441
21 56 -0.427313
21 57 -0.424132
21 58 -0.394982
21 59 -0.323878
21 60 -0.229621
21 61 -0.0745905
21 62 0.076947
21 63 0.256308
21 64 0.377829
21 65 0.429475
21 66 0.383531
21 67 0.196563
21 68 -0.0327318
21 69 -0.286654
21 70 -0.439552
21 71 -0.384296
21 72 -0.186238
21 73 0.133179
21 74 0.406952
21 75 0.406874
21 76 0.179965
21 77 -0.155088
21 78 -0.461317
21 79 -0.428748
21 80 0.019846
21 81 0.432877
21 82 0.38075
21 83 -0.00593914
21 84 -0.295892
21 85 -0.285622
21 86 -0.0979525
21 87 0.0685589
21 88 0.129977
21 89 0.112387
21 90 0.069774
21 91 0.0345673
21 92 0.014299
21 93 0.00506279
21 94 0.00155831
21 95 0.000421346
21 96 0.000100819
21 97 2.14622e-05
21 98 4.08201e-06
21 99 7.09169e-07

22 0 8.37107e-07
22 1 2.58605e-06
22 2 1.36519e-05
22 3 6.5968e-05
22 4 0.00028424
22 5 0.00108604
22 6 0.00365453
22 7 0.0107262
22 8 0.027074
22 9 0.0574852
22 10 0.0987681
22 11 0.126293
22 12 0.090179
22 13 -0.0489517
22 14 -0.240085
22 15 -0.304214
22 16 -0.0780389
22 17 0.31284
22 18 0.441956
22 19 0.0766007
22 20 -0.405597
22 21 -0.461317
22 22 -0.122164
22 23 0.206574
22 24 0.381017
22 25 0.36604
22 26 0.0675956
22 27 -0.28471
22 28 -0.413048
22 29 -0.37192
22 30 -0.15512
22 31 0.164659
22 32 0.350893
22 33 0.431273
22 34 0.366368
22 35 0.164643
22 36 -0.0214193
22 37 -0.234308
22 38 -0.357033
22 39 -0.418732
22 40 -0.428307
22 41 -0.360246
22 42 -0.303301
22 43 -0.189744
22 44 -0.122301
22 45 -0.0224649
22 46 0.0261617
22 47 0.0918537
22 48 0.114201
22 49 0.146506
22 50 0.142499
22 51 0.146506
22 52 0.114201
22 53 0.0918537
22 54 0.0261617
22 55 -0.0224649
22 56 -0.122301
22 57 -0.189744
22 58 -0.303301
22 59 -0.360246
22 60 -0.428307
22 61 -0.418732
22 62 -0.357033
22 63 -0.234308
22 64 -0.0214193
22 65 0.164643
22 66 0.366368
22 67 0.431273
22 68 0.350893
22 69 0.164659
22 70 -0.15512
22 71 -0.37192
22 72 -0.413048
22 73 -0.28471
22 74 0.0675956
22 75 0.36604
22 76 0.381017
22 77 0.206574
22 78 -0.122164
22 79 -0.461317
22 80 -0.405597
22 81 0.0766007
22 82 0.441956
22 83 0.31284
22 84 -0.0780389
22 85 -0.304214
22 86 -0.240085
22 87 -0.0489517
22 88 0.090179
22 89 0.126293
22 90 0.0987681
22 91 0.0574852
22 92 0.027074
22 93 0.0107262
22 94 0.00365453
22 95 0.00108604
22 96 0.00028424
22 97 6.5968e-05
22 98 1.36519e-05
22 99 2.58605e-06

23 0 2.9689e-06
23 1 8.49152e-06
23 2 4.11236e-05
23 3 0.000182673
23 4 0.000721736
23 5 0.00251842
23 6 0.00769294
23 7 0.0203127
23 8 0.0454717
23 9 0.0835291
23 10 0.11794
23 11 0.10622
23 12 0.000849055
23 13 -0.181371
23 14 -0.29649
23 15 -0.155985
23 16 0.21227
23 17 0.435269
23 18 0.174041
23 19 -0.332656
23 20 -0.482211
23 21 -0.155088
23 22 0.206574
23 23 0.36673
23 24 0.351698
23 25 0.0558418
23 26 -0.352257
23 27 -0.451952
23 28 -0.297232
23 29 -0.0403907
23 30 0.311658
23 31 0.459049
23 32 0.382001
23 33 0.22205
23 34 -0.0830718
23 35 -0.294395
23 36 -0.420073
23 37 -0.466553
23 38 -0.353376
23 39 -0.256014
23 40 -0.0658611
23 41 0.065029
23 42 0.201777
23 43 0.299869
23 44 0.353323
23 45 0.410949
23 46 0.406927
23 47 0.44179
23 48 0.413577
23 49 0.443146
23 50 0.411441
23 51 0.443146
23 52 0.413577
23 53 0.44179
23 54 0.406927
23 55 0.410949
23 56 0.353323
23 57 0.299869
23 58 0.201777
23 59 0.065029
23 60 -0.0658611
23 61 -0.256014
23 62 -0.353376
23 63 -0.466553
23 64 -0.420073
23 65 -0.294395
23 66 -0.0830718
23 67 0.22205
23 68 0.382001
23 69 0.459049
23 70 0.311658
23 71 -0.0403907
23 72 -0.297232
23 73 -0.451952
23 74 -0.352257
23 75 0.0558418
23 76 0.351698
23 77 0.36673
23 78 0.206574
23 79 -0.155088
23 80 -0.482211
23 81 -0.332656
23 82 0.174041
23 83 0.435269
23 84 0.21227
23 85 -0.155985
23 86 -0.29649
23 87 -0.181371
23 88 0.000849055
23 89 0.10622
23 90 0.11794
23 91 0.0835291
23 92 0.0454717
23 93 0.0203127
23 94 0.00769294
23 95 0.00251842
23 96 0.000721736
23 97 0.000182673
23 98 4.11236e-05
23 99 8.49152e-06

24 0 9.49007e-06
24 1 2.51763e-05
24 2 0.000111883
24 3 0.000456995
24 4 0.00165523
24 5 0.00526877
24 6 0.0145737
24 7 0.0344477
24 8 0.0677131
24 9 0.105208
24 10 0.114085
24 11 0.0452306
24 12 -0.114162
24 13 -0.265929
24 14 -0.221046
24 15 0.0882579
24 16 0.391486
24 17 0.281561
24 18 -0.20598
24 19 -0.494973
24 20 -0.245786
24 21 0.179965
24 22 0.381017
24 23 0.351698
24 24 0.0581719
24 25 -0.394231
24 26 -0.503673
24 27 -0.220115
24 28 0.09205
24 29 0.410939
24 30 0.519123
24 31 0.26462
24 32 -0.00460411
24 33 -0.307372
24 34 -0.505133
24 35 -0.441959
24 36 -0.353438
24 37 -0.0957837
24 38 0.116678
24 39 0.286986
24 40 0.438511
24 41 0.442667
24 42 0.489284
24 43 0.394792
24 44 0.37756
24 45 0.266998
24 46 0.234336
24 47 0.151701
24 48 0.132517
24 49 0.0888429
24 50 0.0970731
24 51 0.0888429
24 52 0.132517
24 53 0.151701
24 54 0.234336
24 55 0.266998
24 56 0.37756
24 57 0.394792
24 58 0.489284
24 59 0.442667
24 60 0.438511
24 61 0.286986
24 62 0.116678
24 63 -0.0957837
24 64 -0.353438
24 65 -0.441959
24 66 -0.505133
24 67 -0.307372
24 68 -0.00460411
24 69 0.26462
24 70 0.519123
24 71 0.410939
24 72 0.09205
24 73 -0.220115
24 74 -0.503673
24 75 -0.394231
24 76 0.0581719
24 77 0.351698
24 78 0.381017
24 79 0.179965
24 80 -0.245786
24 81 -0.494973
24 82 -0.20598
24 83 0.281561
24 84 0.391486
24 85 0.0882579
24 86 -0.221046
24 87 -0.265929
24 88 -0.114162
24 89 0.0452306
24 90 0.114085
24 91 0.105208
24 92 0.0677131
24 93 0.0344477
24 94 0.0145737
24 95 0.00526877
24 96 0.00165523
24 97 0.000456995
24 98 0.000111883
24 99 2.51763e-05

25 0 2.74263e-05
25 1 6.76238e-05
25 2 0.000275871
25 3 0.00103657
25 4 0.00344145
25 5 0.00998244
25 6 0.024935
25 7 0.0524434
25 8 0.0892757
25 9 0.112935
25 10 0.0789543
25 11 -0.0459441
25 12 -0.21205
25 13 -0.256478
25 14 -0.0406885
25 15 0.299039
25 16 0.36009
